2850920195
2551651283
683047626
4086055493
820120452
874739883
1985287099
3993736596
1333978043
1830537089
3466024310
2538945576
2117711508
507135473
417720380
2340290367
3456868130
3757064842
2904797978
401775334
2534944380
1331171582
188339078
3057713523
3080673438
1005510273
1887578029
93913608
2947270137
640725765
3357750514
3504245224
1623992379
3177800052
2623428164
1547088155
456714581
1353720154
1382784389
924346144
877336515
1554180210
1323912447
4260343491
353883353
895473079
2321795001
3806844075
1912215274
2046537925
3699116957
1216141872
744705981
1372555215
2986392427
3548683906
3993671424
3210008692
4102037747
825331745
583535786
129554529
3338918751
745926877
3199000550
2071877360
1949211328
2186977100
1027063775
3774753162
3630805313
1160769050
2589763334
2890648288
2945871676
586714240
2866168795
2888498282
963616750
330671984
6422917
1475773103
1271169973
128727043
4192631813
1567008860
3747418839
2315027254
3471458123
425116616
1539259119
2127217337
2437245852
2882719101
1824333165
2036555671
4173521127
2438307853
4244420235
1139696361
2287941233
1033245328
989307569
1941029835
3246793097
2222034228
735373655
3362341191
3277054437
710198397
2611638396
1922257928
2601952180
1345316729
2007097536
3704053319
3400633693
265562415
1875731130
142318811
3020682690
1868631494
3101256748
3678078294
3014340370
4090655878
3264728539
1437069373
2380417278
2770283131
3365411169
4150403227
1842581952
469172937
344199304
3263936636
718555619
1104466181
2642486971
1609525731
1389778932
3168068315
636937899
3673297512
737050776
2644887458
993180092
2254965593
3923685079
587528899
3640727577
212700402
2670129587
1766602488
